epoch,categorical_accuracy,loss,val_categorical_accuracy,val_loss
0,0.2574999928474426,2.115572452545166,0.10266666859388351,9.330949783325195
1,0.3562000095844269,1.7574230432510376,0.10266666859388351,8.831927299499512
2,0.4122333526611328,1.610795259475708,0.10266666859388351,11.424544334411621
3,0.44510000944137573,1.5279513597488403,0.10066666454076767,6.462368488311768
4,0.46326667070388794,1.4732322692871094,0.11866666376590729,8.833698272705078
5,0.4758000075817108,1.4499521255493164,0.10099999606609344,9.455093383789062
6,0.48559999465942383,1.4237308502197266,0.11133333295583725,11.81156063079834
7,0.49416667222976685,1.3995254039764404,0.10799999535083771,8.127479553222656
8,0.4943999946117401,1.3922866582870483,0.10099999606609344,9.03199577331543
